1 -79.5709
2 -76.5277
3 -68.6256
4 -57.7727
5 -47.8691
6 -41.4807
7 -33.4419
8 -26.2694
9 -23.209
10 -26.5343
11 -31.9326
12 -28.9459
13 -22.0015
14 -17.7177
15 -16.6973
16 -14.4936
17 -10.3479
18 -8.98434
19 -14.3452
20 -16.8238
21 -17.5599
22 -16.2262
23 -13.5846
24 -11.1256
25 -9.77433
26 -9.80581
27 -10.0855
28 -10.7852
29 -11.6344
30 -12.0923
31 -11.9909
32 -11.4599
33 -11.5702
34 -10.9076
35 -10.3049
36 -9.90671
37 -9.97262
38 -9.47998
39 -9.92908
40 -10.3905
41 -10.5812
42 -10.1444
43 -9.88857
44 -9.39014
45 -9.51859
46 -9.66011
47 -9.58117
48 -9.3033
49 -9.3565
50 -8.89
51 -9.30263
52 -9.38987
53 -9.17916
54 -9.09746
55 -8.78215
56 -8.37798
57 -9.07329
58 -8.9124
59 -8.92029
60 -8.42126
61 -8.26834
62 -8.72032
63 -8.37312
64 -8.21075
65 -7.78603
66 -7.73396
67 -8.2487
68 -8.02653
69 -8.09445
70 -7.79589
71 -7.4783
72 -7.87976
73 -7.81022
74 -7.81978
75 -7.51507
76 -7.51661
77 -7.51168
78 -7.53567
79 -7.44584
80 -7.18698
81 -7.16162
82 -7.23741
83 -7.24614
84 -7.25025
85 -7.06943
86 -7.14351
87 -7.32496
88 -7.2829
89 -7.14286
90 -7.3055
91 -7.49057
92 -7.66651
93 -7.54905
94 -7.25829
95 -7.61296
96 -7.50118
97 -7.41467
98 -7.37275
99 -7.47798
100 -7.46587
101 -7.36831
102 -7.22244
103 -7.65096
104 -7.73605
105 -7.56739
106 -7.34315
107 -7.17223
108 -7.2892
109 -7.45033
110 -7.42651
111 -7.26058
112 -7.77428
113 -7.65337
114 -8.06294
115 -8.27516
116 -8.20397
117 -8.20144
118 -8.36535
119 -8.63648
120 -8.57469
121 -8.83692
122 -9.19907
123 -9.28226
124 -9.31014
125 -9.21606
126 -9.52831
127 -9.19225
128 -9.31103
129 -9.65171
130 -9.81325
131 -10.0017
132 -10.046
133 -10.0262
134 -10.0733
135 -9.84047
136 -10.1335
137 -10.1759
138 -10.6029
139 -10.8536
140 -11.2063
141 -10.7032
142 -11.1173
143 -11.06
144 -10.893
145 -11.1033
146 -11.2714
147 -11.529
148 -11.879
149 -12.0352
150 -12.5265
151 -12.4912
152 -12.5284
153 -12.4826
154 -12.9487
155 -12.9625
156 -13.0547
157 -13.1273
158 -12.4136
159 -12.0449
160 -11.5082
161 -11.4644
162 -11.5938
163 -11.8808
164 -12.1419
165 -12.4471
166 -12.7262
167 -12.9637
168 -13.0193
169 -12.8888
170 -12.7863
171 -12.6364
172 -12.7347
173 -12.6347
174 -12.5964
175 -12.4906
176 -12.7131
177 -13.1023
178 -13.3621
179 -13.2875
180 -13.4368
181 -13.5881
182 -13.5313
183 -13.6425
184 -13.3344
185 -13.5319
186 -13.3779
187 -13.6746
188 -13.7085
189 -13.9609
190 -14.3894
191 -14.2535
192 -14.5367
193 -14.4058
194 -14.2921
195 -14.4521
196 -14.3405
197 -14.1877
198 -14.6315
199 -14.8311
200 -14.8765
201 -15.0621
202 -15.2814
203 -15.0666
204 -15.0502
205 -15.0929
206 -14.9338
207 -15.194
208 -15.4714
209 -15.5003
210 -15.8617
211 -15.784
212 -15.809
213 -15.9843
214 -15.7133
215 -15.7316
216 -16.0483
217 -16.0117
218 -16.3702
219 -16.4659
220 -16.4443
221 -16.5255
222 -16.5118
223 -16.4308
224 -16.6137
225 -16.7784
226 -17.006
227 -17.1961
228 -17.3282
229 -17.243
230 -17.1051
231 -17.2454
232 -17.2687
233 -17.474
234 -17.8395
235 -17.6158
236 -18.0916
237 -17.8635
238 -18.0363
239 -18.0278
240 -17.9388
241 -18.2278
242 -18.7335
243 -18.6299
244 -18.7652
245 -18.7075
246 -18.784
247 -18.8386
248 -18.8899
249 -19.1424
250 -19.2674
251 -19.3416
252 -19.6197
253 -19.376
254 -19.2678
255 -19.5026
256 -19.6861
257 -19.8337
258 -20.0202
259 -19.6379
260 -19.7048
261 -19.9072
262 -20.014
263 -20.3333
264 -20.2225
265 -20.0616
266 -20.3083
267 -20.1639
268 -20.2404
269 -20.6623
270 -20.4739
271 -20.8813
272 -20.9007
273 -20.6519
274 -20.7424
275 -20.9245
276 -21.3345
277 -21.3754
278 -21.1117
279 -21.23
280 -21.2683
281 -21.4063
282 -21.6831
283 -21.6084
284 -21.8912
285 -21.9499
286 -21.7888
287 -22.1777
288 -21.991
289 -22.4975
290 -22.5544
291 -22.4811
292 -22.6057
293 -22.7114
294 -22.7108
295 -23.2901
296 -23.252
297 -23.2997
298 -23.3031
299 -23.4663
300 -23.7086
301 -23.8547
302 -24.3921
303 -23.9327
304 -24.0093
305 -24.293
306 -24.6179
307 -24.7122
308 -25.2695
309 -24.9665
310 -24.7626
311 -25.0546
312 -25.3172
313 -25.7174
314 -25.9326
315 -25.8354
316 -25.8118
317 -25.5549
318 -26.2298
319 -26.2979
320 -26.7412
321 -27.1014
322 -26.8653
323 -26.641
324 -26.3
325 -26.5445
326 -26.9569
327 -27.1984
328 -27.6483
329 -27.8407
330 -27.6094
331 -27.4799
332 -27.1804
333 -26.9062
334 -27.7259
335 -27.9373
336 -28.2327
337 -28.5209
338 -28.6951
339 -28.7947
340 -28.5675
341 -28.3287
342 -27.8632
343 -27.6298
344 -28.273
345 -28.6642
346 -29.11
347 -29.4803
348 -29.6025
349 -30.041
350 -30.297
351 -30.3007
352 -30.1357
353 -29.7991
354 -29.5418
355 -29.0576
356 -28.5759
357 -28.2541
358 -27.5548
359 -27.6391
360 -27.7613
361 -28.4567
362 -28.281
363 -28.5056
364 -28.8225
365 -28.7879
366 -28.5886
367 -28.5858
368 -28.3818
369 -27.7304
370 -27.1693
371 -27.2105
372 -27.2497
373 -27.3596
374 -27.4457
375 -27.6049
376 -27.8125
377 -27.8069
378 -27.284
379 -27.0352
380 -26.6868
381 -26.533
382 -26.4958
383 -26.5662
384 -26.6289
385 -26.8084
386 -26.8249
387 -26.778
388 -26.166
389 -25.729
390 -25.5177
391 -25.7614
392 -25.6851
393 -25.9486
394 -25.8154
395 -25.7667
396 -25.5461
397 -25.288
398 -24.9721
399 -24.9227
400 -25.0264
401 -25.2964
402 -25.1139
403 -25.1689
404 -24.3309
405 -24.4177
406 -23.8724
407 -23.9824
408 -23.9503
409 -24.2804
410 -24.2449
411 -23.7248
412 -23.2416
413 -22.8542
414 -22.7996
415 -23.0196
416 -23.0313
417 -23.0266
418 -22.7221
419 -22.4767
420 -21.973
421 -22.1038
422 -21.8691
423 -22.1676
424 -22.0508
425 -21.5815
426 -21.3131
427 -21.0653
428 -21.1612
429 -21.3988
430 -20.9185
431 -20.6412
432 -20.5555
433 -20.1095
434 -20.3466
435 -20.3573
436 -20.1928
437 -20.0615
438 -19.9049
439 -19.4035
440 -19.4567
441 -19.6302
442 -19.5321
443 -19.3038
444 -18.943
445 -18.7704
446 -18.7318
447 -18.5783
448 -18.7269
449 -18.6739
450 -18.2311
451 -18.228
452 -17.9616
453 -17.8963
454 -17.8229
455 -17.5846
456 -17.2609
457 -16.9201
458 -16.9861
459 -16.8444
460 -16.7932
461 -16.5033
462 -15.9705
463 -15.9327
464 -15.8906
465 -15.9933
466 -15.7913
467 -15.448
468 -15.0189
469 -15.2638
470 -15.074
471 -15.2631
472 -14.7581
473 -14.5381
474 -14.4165
475 -14.568
476 -14.4141
477 -14.0057
478 -13.694
479 -13.6276
480 -14.016
481 -13.4578
482 -13.4151
483 -13.1257
484 -13.1326
485 -13.2196
486 -13.0423
487 -12.8088
488 -12.7551
489 -12.6175
490 -13.0425
491 -12.9997
492 -12.9235
493 -12.602
494 -12.7433
495 -12.9433
496 -13.0441
497 -12.5879
498 -12.6559
499 -13.0735
500 -12.9677
501 -12.8765
502 -12.3955
503 -12.3495
504 -12.2
505 -11.922
506 -11.8405
507 -11.3978
508 -11.0672
509 -11.2331
510 -11.4501
511 -12.0696
512 -12.1155
513 -12.2361
514 -11.9701
515 -11.4504
516 -11.945
517 -12.3053
518 -12.5441
519 -12.8879
520 -13.0988
521 -12.7833
522 -12.5203
523 -12.1355
524 -13.055
525 -13.2522
526 -13.6543
527 -13.8997
528 -13.6345
529 -13.4423
530 -13.2297
531 -12.9965
532 -13.2369
533 -13.8987
534 -14.2243
535 -14.6439
536 -14.6372
537 -14.7626
538 -14.7285
539 -14.4131
540 -14.0579
541 -13.5905
542 -13.4244
543 -13.8905
544 -14.6515
545 -15.2127
546 -15.8242
547 -16.1624
548 -16.3364
549 -16.5467
550 -16.4015
551 -15.939
552 -15.65
553 -15.039
554 -14.178
555 -13.1624
556 -12.9995
557 -13.5578
558 -14.1424
559 -13.9979
560 -13.9103
561 -13.6712
562 -13.289
563 -12.8581
564 -12.3842
565 -12.2946
566 -12.6932
567 -12.9621
568 -12.7727
569 -12.6897
570 -12.3987
571 -12.0141
572 -11.3897
573 -11.6685
574 -11.9659
575 -11.9818
576 -11.9363
577 -11.6028
578 -11.2514
579 -10.687
580 -10.6747
581 -10.9267
582 -11.2011
583 -11.1805
584 -10.9427
585 -10.3495
586 -10.08
587 -10.4384
588 -10.198
589 -10.1324
590 -10.0643
591 -9.45087
592 -9.7533
593 -10.314
594 -10.1226
595 -10.184
596 -9.63262
597 -9.38212
598 -9.55051
599 -9.41582
600 -9.5368
601 -8.97174
602 -8.91294
603 -8.84687
604 -8.76599
605 -8.94604
606 -8.7946
607 -8.38219
608 -8.83385
609 -8.99503
610 -8.85816
611 -8.45277
612 -8.03986
613 -8.16531
614 -8.12851
615 -8.09578
616 -7.83181
617 -7.58989
618 -7.92498
619 -7.88444
620 -7.79604
621 -7.40053
622 -7.91502
623 -8.0195
624 -7.82408
625 -7.78739
626 -7.41659
627 -7.71162
628 -7.55841
629 -7.28588
630 -6.98596
631 -7.4334
632 -7.6113
633 -7.39117
634 -7.1168
635 -6.95539
636 -7.41799
637 -7.26476
638 -7.03344
639 -7.09146
640 -7.42287
641 -7.36673
642 -7.18538
643 -7.37012
644 -7.77384
645 -7.82074
646 -7.58685
647 -7.25868
648 -7.66995
649 -7.77148
650 -7.38824
651 -7.40616
652 -7.91264
653 -7.80727
654 -7.55321
655 -7.52726
656 -7.66809
657 -7.46925
658 -7.26574
659 -7.55216
660 -7.51717
661 -7.39701
662 -7.62888
663 -8.12221
664 -8.14834
665 -8.02555
666 -8.19551
667 -8.05991
668 -8.20893
669 -8.38301
670 -8.90922
671 -8.85699
672 -8.82519
673 -8.89137
674 -8.96155
675 -8.92275
676 -9.10979
677 -9.59883
678 -9.59653
679 -9.63526
680 -9.61131
681 -9.63981
682 -9.73551
683 -9.82653
684 -9.73377
685 -10.0467
686 -10.2864
687 -10.59
688 -10.7438
689 -10.712
690 -10.8199
691 -11.1156
692 -11.0155
693 -10.6186
694 -10.8558
695 -11.3867
696 -11.4339
697 -11.9027
698 -11.9727
699 -12.2691
700 -12.3964
701 -12.8082
702 -12.7568
703 -12.8492
704 -12.8992
705 -12.4264
706 -11.9696
707 -11.8655
708 -11.5116
709 -11.3891
710 -11.52
711 -11.6506
712 -11.897
713 -12.0739
714 -12.5053
715 -12.7025
716 -12.7439
717 -12.6936
718 -12.7042
719 -12.9085
720 -12.8642
721 -12.8227
722 -12.4188
723 -12.3686
724 -12.6197
725 -12.6932
726 -12.8528
727 -13.2006
728 -13.5435
729 -13.4951
730 -13.5735
731 -13.5683
732 -13.7223
733 -13.5269
734 -13.3628
735 -13.2912
736 -13.5783
737 -13.8779
738 -13.9646
739 -14.2389
740 -14.2776
741 -14.6236
742 -14.4171
743 -14.4608
744 -14.4311
745 -14.4417
746 -14.4414
747 -14.6465
748 -15.0052
749 -15.0605
750 -15.0974
751 -14.9446
752 -15.0307
753 -15.0284
754 -14.9329
755 -15.0609
756 -15.4532
757 -15.5187
758 -15.792
759 -15.836
760 -15.6252
761 -15.8103
762 -15.6542
763 -15.6426
764 -15.9847
765 -15.9872
766 -16.1911
767 -16.5502
768 -16.3682
769 -16.4602
770 -16.4176
771 -16.2615
772 -16.3988
773 -16.8269
774 -16.7091
775 -17.2002
776 -17.0495
777 -17.0165
778 -17.1076
779 -17.0003
780 -17.2084
781 -17.3157
782 -17.5292
783 -17.7345
784 -17.8189
785 -17.7651
786 -17.9688
787 -17.8234
788 -17.9709
789 -18.1601
790 -18.2695
791 -18.4493
792 -18.4357
793 -18.5711
794 -18.4409
795 -18.5272
796 -19.0921
797 -18.983
798 -19.2195
799 -19.1052
800 -19.3088
801 -19.2726
802 -19.304
803 -19.4337
804 -19.6022
805 -19.5329
806 -19.8192
807 -19.6244
808 -19.7071
809 -19.9253
810 -19.7906
811 -19.9887
812 -20.0775
813 -20.068
814 -20.1533
815 -20.0788
816 -20.1023
817 -20.4873
818 -20.5637
819 -20.5998
820 -20.555
821 -20.6996
822 -20.7597
823 -20.8351
824 -21.4074
825 -21.0162
826 -21.482
827 -21.1949
828 -21.1406
829 -21.4718
830 -21.4667
831 -21.6004
832 -21.6666
833 -21.762
834 -21.6851
835 -21.8073
836 -21.8791
837 -22.1822
838 -22.239
839 -22.385
840 -22.3043
841 -22.6275
842 -22.8299
843 -22.7829
844 -23.2036
845 -23.092
846 -23.243
847 -23.5338
848 -23.657
849 -24.0773
850 -23.6966
851 -23.8545
852 -23.8203
853 -24.2849
854 -24.4352
855 -24.5476
856 -24.6205
857 -24.5313
858 -24.3604
859 -25.0357
860 -25.457
861 -25.6408
862 -25.5715
863 -25.5599
864 -25.3273
865 -25.1368
866 -25.5362
867 -26.126
868 -26.4272
869 -26.5677
870 -26.6818
871 -26.7289
872 -26.4069
873 -26.1907
874 -26.3339
875 -26.9242
876 -27.3541
877 -27.3272
878 -27.61
879 -27.4912
880 -27.3746
881 -27.1565
882 -27.0242
883 -27.425
884 -28.1387
885 -28.2023
886 -28.462
887 -28.7639
888 -28.6701
889 -28.3841
890 -28.3328
891 -28.0438
892 -27.3449
893 -27.9643
894 -28.3772
895 -28.9977
896 -29.5318
897 -29.6444
898 -30.0373
899 -30.087
900 -30.292
901 -29.9922
902 -29.9638
903 -29.9364
904 -29.261
905 -28.9558
906 -28.1676
907 -27.9684
908 -27.7225
909 -27.6737
910 -27.9939
911 -28.3867
912 -28.5412
913 -29.037
914 -28.9641
915 -28.7155
916 -28.6111
917 -27.9826
918 -27.9674
919 -27.3034
920 -27.1988
921 -27.4096
922 -27.5787
923 -28.0522
924 -27.654
925 -28.1192
926 -27.6006
927 -27.3404
928 -26.9876
929 -26.7172
930 -26.3925
931 -27.0889
932 -26.8457
933 -27.2578
934 -26.9428
935 -26.6946
936 -26.3394
937 -26.3442
938 -25.9453
939 -25.7041
940 -25.9212
941 -26.0939
942 -26.1713
943 -25.9812
944 -25.5675
945 -25.3757
946 -25.1003
947 -24.7624
948 -24.8862
949 -25.3818
950 -25.2643
951 -25.1967
952 -24.7533
953 -24.4609
954 -23.9171
955 -23.9857
956 -24.2676
957 -24.2491
958 -24.0923
959 -23.9144
960 -23.6042
961 -23.1792
962 -22.9654
963 -23.1674
964 -23.1154
965 -23.1536
966 -23.0178
967 -22.694
968 -22.1795
969 -22.3049
970 -22.2682
971 -22.0374
972 -21.9151
973 -21.8062
974 -21.6222
975 -21.3572
976 -21.3049
977 -21.3914
978 -21.4471
979 -21.2093
980 -20.5815
981 -20.5141
982 -20.5488
983 -20.8872
984 -20.5105
985 -20.2309
986 -19.8236
987 -19.7212
988 -19.6148
989 -19.8222
990 -19.7453
991 -19.6924
992 -19.0602
993 -19.2642
994 -18.9956
995 -19.2873
996 -18.8131
997 -18.5625
998 -18.3756
999 -18.6072
1000 -18.1796
1001 -18.163
1002 -18
1003 -17.6467
1004 -17.2966
1005 -17.4972
1006 -17.2557
1007 -17.3624
1008 -16.831
1009 -16.6886
1010 -16.3182
1011 -16.305
1012 -16.498
1013 -16.0177
1014 -15.639
1015 -15.5728
1016 -15.8549
1017 -15.5195
1018 -15.3854
1019 -14.7994
1020 -14.9547
1021 -14.8951
1022 -14.7857
1023 -14.5299
1024 -14.4157
1025 -14.027
1026 -14.1923
1027 -14.0658
1028 -13.8907
1029 -13.8268
1030 -13.2534
1031 -13.2721
1032 -13.3663
1033 -13.1697
1034 -12.9051
1035 -12.9048
1036 -12.9261
1037 -12.8456
1038 -12.6744
1039 -12.5408
1040 -12.8013
1041 -12.8515
1042 -12.701
1043 -12.7038
1044 -12.5934
1045 -12.8281
1046 -12.8317
1047 -12.7715
1048 -12.7773
1049 -12.5522
1050 -12.6365
1051 -12.5786
1052 -12.7069
1053 -12.2942
1054 -12.1258
1055 -11.9223
1056 -12.0024
1057 -11.5728
1058 -11.527
1059 -11.8148
1060 -11.8976
1061 -11.8492
1062 -11.5375
1063 -11.4238
1064 -11.4382
1065 -12.2432
1066 -12.6443
1067 -12.7512
1068 -12.8272
1069 -12.6818
1070 -12.3169
1071 -12.2096
1072 -12.4383
1073 -13.0743
1074 -13.4461
1075 -13.9466
1076 -14.1404
1077 -13.7395
1078 -13.5355
1079 -13.3016
1080 -12.9433
1081 -13.2129
1082 -13.8205
1083 -14.419
1084 -14.8968
1085 -15.0711
1086 -15.0414
1087 -14.7222
1088 -14.3722
1089 -13.9571
1090 -13.3695
1091 -13.4296
1092 -14.0402
1093 -14.494
1094 -15.0041
1095 -15.7537
1096 -16.2404
1097 -16.6517
1098 -16.6135
1099 -16.5093
1100 -16.3894
1101 -15.4516
1102 -14.74
1103 -14.5667
1104 -13.5643
1105 -13.1552
1106 -13.909
1107 -14.1447
1108 -14.0799
1109 -14.3158
1110 -13.8572
1111 -13.522
1112 -12.862
1113 -12.3653
1114 -13.0206
1115 -13.2335
1116 -13.011
1117 -13.0101
1118 -13.0494
1119 -12.2981
1120 -11.828
1121 -11.7594
1122 -12.272
1123 -12.1631
1124 -12.4689
1125 -12.1909
1126 -11.3303
1127 -10.9379
1128 -11.2135
1129 -11.3355
1130 -11.786
1131 -11.504
1132 -10.761
1133 -10.7917
1134 -10.8437
1135 -11.2312
1136 -10.785
1137 -10.3806
1138 -9.80631
1139 -10.1744
1140 -10.3721
1141 -10.6771
1142 -10.2812
1143 -9.71887
1144 -9.3294
1145 -9.88414
1146 -9.92266
1147 -9.41185
1148 -9.00898
1149 -9.17913
1150 -9.59469
1151 -9.36737
1152 -9.12782
1153 -8.66246
1154 -8.5941
1155 -9.15547
1156 -9.20559
1157 -8.73394
1158 -8.32069
1159 -8.65415
1160 -8.93483
1161 -8.61388
1162 -7.92879
1163 -8.11217
1164 -8.73266
1165 -8.5989
1166 -7.8574
1167 -7.85
1168 -8.30136
1169 -8.06276
1170 -7.84145
1171 -7.55793
1172 -7.99854
1173 -8.12827
1174 -7.79436
1175 -7.56803
1176 -7.68547
1177 -7.81579
1178 -7.65768
1179 -7.48248
1180 -7.57144
1181 -7.81561
1182 -7.50249
1183 -7.12795
1184 -7.6385
1185 -7.52363
1186 -7.54622
1187 -7.08334
1188 -7.58992
1189 -7.65678
1190 -7.29887
1191 -7.41518
1192 -7.6919
1193 -7.8298
1194 -7.49857
1195 -7.48408
1196 -7.78876
1197 -7.531
1198 -7.45949
1199 -7.97536
1200 -7.94241
1201 -7.75504
1202 -7.47533
1203 -7.64627
1204 -7.43961
1205 -7.45512
1206 -7.62605
1207 -7.60255
1208 -7.6479
1209 -7.55765
1210 -7.67151
1211 -7.73747
1212 -8.19268
1213 -8.16645
1214 -7.81538
1215 -7.99086
1216 -8.10447
1217 -8.38802
1218 -8.58768
1219 -8.78854
1220 -8.80391
1221 -8.74223
1222 -8.66196
1223 -8.59777
1224 -8.80499
1225 -9.08463
1226 -9.28342
1227 -9.57463
1228 -9.91238
1229 -9.62915
1230 -9.62113
1231 -9.58871
1232 -9.49339
1233 -9.67414
1234 -9.99315
1235 -10.2801
1236 -10.6046
1237 -10.7749
1238 -11.1794
1239 -10.7445
1240 -10.8065
1241 -10.8419
1242 -10.4154
1243 -10.7961
1244 -10.9823
1245 -11.2397
1246 -11.6078
1247 -11.9132
1248 -12.1711
1249 -12.5234
1250 -12.6588
1251 -12.9014
1252 -12.9523
1253 -12.7719
1254 -12.7426
1255 -12.073
1256 -11.8985
1257 -11.5849
1258 -11.5434
1259 -11.5551
1260 -11.633
1261 -12.0475
1262 -12.1809
1263 -12.3609
1264 -12.7959
1265 -12.8656
1266 -12.988
1267 -13.04
1268 -13.1942
1269 -12.6666
1270 -12.6747
1271 -12.8754
1272 -12.5528
1273 -12.7332
1274 -12.8255
1275 -13.0286
1276 -13.4294
1277 -13.5877
1278 -13.659
1279 -13.6571
1280 -13.7256
1281 -13.4366
1282 -13.6544
1283 -13.5437
1284 -13.4858
1285 -13.8518
1286 -13.7762
1287 -14.1428
1288 -14.5492
1289 -14.3853
1290 -14.4345
1291 -14.3238
1292 -14.1541
1293 -14.3103
1294 -14.3692
1295 -14.5688
1296 -14.7185
1297 -14.767
1298 -15.0436
1299 -15.2671
1300 -15.099
1301 -14.9939
1302 -15.0294
1303 -15.0091
1304 -15.4464
1305 -15.2076
1306 -15.813
1307 -15.8541
1308 -15.7799
1309 -15.9389
1310 -15.6853
1311 -15.4681
1312 -15.8734
1313 -15.8718
1314 -16.4504
1315 -16.5859
1316 -16.2017
1317 -16.4362
1318 -16.3977
1319 -16.1267
1320 -16.5749
1321 -16.4975
1322 -16.8543
1323 -17.2583
1324 -17.1572
1325 -17.1996
1326 -17.094
1327 -17.0564
1328 -17.0047
1329 -17.3959
1330 -17.696
1331 -17.6869
1332 -17.857
1333 -17.8795
1334 -17.5247
1335 -17.872
1336 -17.9813
1337 -18.3719
1338 -18.6408
1339 -18.4549
1340 -18.3752
1341 -18.5589
1342 -18.4026
1343 -18.681
1344 -19.0206
1345 -18.9352
1346 -19.1437
1347 -19.2416
1348 -19.1478
1349 -19.2706
1350 -19.3846
1351 -19.5479
1352 -19.8426
1353 -19.9102
1354 -19.5244
1355 -19.6425
1356 -19.6981
1357 -20.1161
1358 -20.1274
1359 -19.8846
1360 -20.0333
1361 -19.8183
1362 -20.1269
1363 -20.388
1364 -20.482
1365 -20.3838
1366 -20.3948
1367 -20.5234
1368 -20.2457
1369 -20.8699
1370 -20.6481
1371 -21.1004
1372 -20.9313
1373 -20.8321
1374 -20.9483
1375 -20.9544
1376 -21.2918
1377 -21.4156
1378 -21.1968
1379 -21.3761
1380 -21.2843
1381 -21.3229
1382 -21.6322
1383 -21.8046
1384 -21.6394
1385 -21.8053
1386 -22.1214
1387 -22.0464
1388 -22.6171
1389 -22.3971
1390 -22.6699
1391 -22.4784
1392 -22.7787
1393 -23.1216
1394 -23.2046
1395 -23.2541
1396 -23.5559
1397 -23.4723
1398 -23.4465
1399 -23.757
1400 -23.6906
1401 -24.1486
1402 -24.6019
1403 -24.5238
1404 -24.6448
1405 -24.3166
1406 -24.1564
1407 -24.4943
1408 -25.1844
1409 -25.4758
1410 -25.6477
1411 -25.7265
1412 -25.6093
1413 -25.0418
1414 -25.2429
1415 -25.8833
1416 -25.9545
1417 -26.2936
1418 -26.3786
1419 -26.8504
1420 -26.3111
1421 -26.0069
1422 -26.2717
1423 -26.4891
1424 -26.9044
1425 -27.0496
1426 -27.5339
1427 -27.519
1428 -27.4659
1429 -27.3533
1430 -26.9374
1431 -26.9639
1432 -27.3147
1433 -27.7534
1434 -28.186
1435 -28.6947
1436 -28.6834
1437 -28.8719
1438 -28.3537
1439 -28.0425
1440 -27.6502
1441 -27.2546
1442 -28.0068
1443 -28.2858
1444 -28.7547
1445 -29.4658
1446 -29.7577
1447 -30.2112
1448 -30.2129
1449 -30.3089
1450 -30.0514
1451 -30.0338
1452 -29.8278
1453 -29.5314
1454 -28.9628
1455 -28.7293
1456 -28.1718
1457 -27.7274
1458 -27.8596
1459 -28.1345
1460 -28.4814
1461 -28.5738
1462 -28.5317
1463 -28.6243
1464 -28.5586
1465 -28.746
1466 -28.1702
1467 -27.9001
1468 -27.3662
1469 -27.215
1470 -27.5097
1471 -27.8154
1472 -27.6855
1473 -27.8877
1474 -27.6293
1475 -27.722
1476 -27.4911
1477 -26.946
1478 -26.5097
1479 -26.6471
1480 -26.6918
1481 -26.8074
1482 -26.7661
1483 -26.9466
1484 -26.8992
1485 -26.6341
1486 -25.9433
1487 -25.7247
1488 -25.7169
1489 -25.9575
1490 -25.933
1491 -26.1432
1492 -26.0603
1493 -25.6743
1494 -25.3498
1495 -24.9979
1496 -25.1195
1497 -25.3352
1498 -25.3924
1499 -25.291
1500 -24.9318
1501 -24.7472
1502 -24.2833
1503 -24.022
1504 -24.1694
1505 -24.3954
1506 -24.3881
1507 -24.4511
1508 -23.8791
1509 -23.3373
1510 -23.185
1511 -23.3826
1512 -23.1335
1513 -23.2367
1514 -23.1221
1515 -22.8095
1516 -22.485
1517 -22.4423
1518 -22.7698
1519 -22.3831
1520 -22.3768
1521 -21.9452
1522 -21.6659
1523 -21.6486
1524 -21.7468
1525 -21.6226
1526 -21.5437
1527 -21.3019
1528 -21.0623
1529 -20.664
1530 -20.9131
1531 -20.7957
1532 -20.9633
1533 -20.6255
1534 -20.227
1535 -19.9009
1536 -20.0801
1537 -20.0245
1538 -19.9414
1539 -19.5378
1540 -19.1775
1541 -19.4875
1542 -19.2326
1543 -19.2848
1544 -18.9333
1545 -18.5797
1546 -18.4526
1547 -18.6911
1548 -18.7124
1549 -18.7775
1550 -18.2243
1551 -17.6992
1552 -17.7887
1553 -18.0217
1554 -17.5866
1555 -17.2251
1556 -16.9904
1557 -17.0378
1558 -16.7794
1559 -16.604
1560 -16.371
1561 -16.1117
1562 -16.0639
1563 -15.9491
1564 -15.8924
1565 -15.7684
1566 -15.3617
1567 -15.3006
1568 -15.2799
1569 -15.3679
1570 -14.999
1571 -14.6033
1572 -14.58
1573 -14.7832
1574 -14.4183
1575 -14.2652
1576 -13.9183
1577 -13.9795
1578 -13.8184
1579 -13.4949
1580 -13.3142
1581 -13.109
1582 -13.4133
1583 -13.1513
1584 -13.0427
1585 -12.6294
1586 -12.6858
1587 -12.7762
1588 -12.9817
1589 -12.729
1590 -12.5639
1591 -12.6892
1592 -12.935
1593 -12.6787
1594 -12.5742
1595 -12.6652
1596 -13.0317
1597 -12.7802
1598 -12.5696
1599 -12.4993
1600 -12.8718
1601 -12.8262
1602 -12.7067
1603 -12.1501
1604 -12.0161
1605 -11.8146
1606 -11.7345
1607 -11.6506
1608 -11.6921
1609 -11.8508
1610 -11.3285
1611 -10.9934
1612 -11.1921
1613 -11.6476
1614 -12.2414
1615 -12.6247
1616 -12.843
1617 -12.8311
1618 -12.1899
1619 -12.0933
1620 -12.5282
1621 -12.4077
1622 -13.0104
1623 -13.4866
1624 -13.8279
1625 -13.8641
1626 -13.7609
1627 -13.0471
1628 -12.9558
1629 -12.9036
1630 -13.2416
1631 -13.9351
1632 -14.2763
1633 -14.8521
1634 -14.8907
1635 -14.8856
1636 -14.5904
1637 -13.987
1638 -13.5759
1639 -13.4974
1640 -13.2373
1641 -13.7239
1642 -14.6523
1643 -15.1632
1644 -15.7147
1645 -15.9763
1646 -16.3038
1647 -16.6481
1648 -16.8111
1649 -16.4357
1650 -15.8983
1651 -14.9275
1652 -14.2713
1653 -13.3692
1654 -13.4736
1655 -13.8588
1656 -14.0864
1657 -14.5078
1658 -14.3886
1659 -13.8712
1660 -13.3875
1661 -12.838
1662 -12.6613
1663 -13.0098
1664 -13.2818
1665 -13.1553
1666 -12.9607
1667 -12.6029
1668 -12.2108
1669 -11.9052
1670 -12.3708
1671 -12.4194
1672 -12.0938
1673 -11.8681
1674 -11.3319
1675 -10.9814
1676 -11.5979
1677 -11.7483
1678 -11.6684
1679 -11.0992
1680 -10.7056
1681 -11.1515
1682 -11.0698
1683 -11.1151
1684 -10.5467
1685 -9.96327
1686 -10.2434
1687 -10.3397
1688 -10.287
1689 -10.16
1690 -9.80334
1691 -10.0107
1692 -10.214
1693 -9.99209
1694 -9.54154
1695 -9.35965
1696 -9.6069
1697 -9.65323
1698 -9.47878
1699 -9.11794
1700 -9.19241
1701 -9.2212
1702 -9.07815
1703 -8.88211
1704 -8.78695
1705 -9.14652
1706 -8.96948
1707 -8.8458
1708 -8.33563
1709 -8.7429
1710 -8.63146
1711 -8.35131
1712 -8.2662
1713 -8.39337
1714 -8.42757
1715 -8.30461
1716 -7.71748
1717 -8.02666
1718 -8.10985
1719 -7.973
1720 -7.88302
1721 -7.96216
1722 -8.14513
1723 -7.67834
1724 -7.46403
1725 -7.84475
1726 -7.49271
1727 -7.44485
1728 -7.54877
1729 -7.58661
1730 -7.42612
1731 -7.12931
1732 -7.36026
1733 -7.51435
1734 -7.19478
1735 -7.25366
1736 -7.54233
1737 -7.49923
1738 -7.14309
1739 -7.30423
1740 -7.67272
1741 -7.46932
1742 -7.51385
1743 -7.6035
1744 -7.5733
1745 -7.47099
1746 -7.91622
1747 -8.04661
1748 -7.52466
1749 -7.71229
1750 -7.798
1751 -7.50984
1752 -7.46094
1753 -7.96734
1754 -7.79007
1755 -7.68633
1756 -7.70734
1757 -7.78337
1758 -7.57355
1759 -7.51794
1760 -7.67062
1761 -7.65246
1762 -7.68179
1763 -7.81724
1764 -7.66338
1765 -8.20915
1766 -8.49907
1767 -8.47098
1768 -8.40372
1769 -8.62549
1770 -8.68174
1771 -8.60886
1772 -8.66625
1773 -8.90427
1774 -9.1154
1775 -9.50863
1776 -9.41728
1777 -9.4507
1778 -9.90572
1779 -9.87816
1780 -9.49752
1781 -9.59724
1782 -9.8371
1783 -9.96111
1784 -10.4357
1785 -10.6498
1786 -10.6545
1787 -10.8142
1788 -10.9026
1789 -10.7746
1790 -10.6753
1791 -10.5979
1792 -10.5033
1793 -10.5607
1794 -11.4174
1795 -11.4679
1796 -11.6683
1797 -12.4518
1798 -12.2932
1799 -12.4077
1800 -12.9024
1801 -12.6736
1802 -12.7638
1803 -12.2961
1804 -12.279
1805 -12.0717
1806 -11.7602
1807 -11.8675
1808 -11.5704
1809 -11.5487
1810 -11.8091
1811 -12.0833
1812 -12.3586
1813 -12.5907
1814 -12.7048
1815 -12.893
1816 -12.7347
1817 -12.8706
1818 -12.9475
1819 -12.7394
1820 -12.7847
1821 -12.502
1822 -12.5193
1823 -12.8137
1824 -13.1425
1825 -13.2772
1826 -13.3435
1827 -13.5546
1828 -13.794
1829 -13.6829
1830 -13.6466
1831 -13.8249
1832 -13.4557
1833 -13.6713
1834 -13.4995
1835 -14.0715
1836 -14.103
1837 -14.168
1838 -14.397
1839 -14.3404
1840 -14.283
1841 -14.2548
1842 -14.0667
1843 -14.2382
1844 -14.5234
1845 -14.857
1846 -14.8314
1847 -14.8554
1848 -15.1323
1849 -15.1802
1850 -14.816
1851 -14.9709
1852 -15.0211
1853 -15.1096
1854 -15.3284
1855 -15.4916
1856 -15.8548
1857 -15.682
1858 -15.8367
1859 -15.5948
1860 -15.7775
1861 -15.8131
1862 -15.8493
1863 -16.3462
1864 -16.3983
1865 -16.6261
1866 -16.4659
1867 -16.2932
1868 -16.4055
1869 -16.3078
1870 -16.8664
1871 -16.8401
1872 -17.4237
1873 -16.9259
1874 -17.0536
1875 -17.2309
1876 -17.1787
1877 -17.2802
1878 -17.3724
1879 -17.9123
1880 -17.6679
1881 -17.5799
1882 -17.3975
1883 -17.5298
1884 -17.8198
1885 -17.932
1886 -18.1155
1887 -18.1043
1888 -18.2352
1889 -18.2478
1890 -18.447
1891 -18.4604
1892 -18.6389
1893 -18.931
1894 -18.9198
1895 -18.9144
1896 -19.0023
1897 -18.8592
1898 -19.0891
1899 -19.2619
1900 -19.4073
1901 -19.3782
1902 -19.4072
1903 -19.2731
1904 -19.7533
1905 -19.8744
1906 -19.82
1907 -19.9457
1908 -20.0497
1909 -19.8181
1910 -19.8163
1911 -19.9056
1912 -20.2076
1913 -20.4708
1914 -20.4999
1915 -20.4572
1916 -20.3545
1917 -20.428
1918 -20.8356
1919 -20.706
1920 -20.9042
1921 -20.8889
1922 -20.8118
1923 -20.8526
1924 -21.0263
1925 -21.2058
1926 -21.1938
1927 -21.1097
1928 -21.1947
1929 -21.4047
1930 -21.3855
1931 -21.6992
1932 -21.7459
1933 -21.681
1934 -21.6462
1935 -21.9464
1936 -22.0694
1937 -22.1716
1938 -22.2778
1939 -22.2374
1940 -22.4391
1941 -22.7924
1942 -22.9674
1943 -23.2722
1944 -22.943
1945 -23.3667
1946 -23.2633
1947 -23.5173
1948 -23.7207
1949 -23.8854
1950 -23.9728
1951 -24.1246
1952 -24.3685
1953 -24.1742
1954 -23.9392
1955 -24.1935
1956 -24.5597
1957 -24.8544
1958 -25.0051
1959 -25.3644
1960 -25.2444
1961 -24.918
1962 -24.9869
1963 -25.3924
1964 -25.6564
1965 -25.8872
1966 -26.0259
1967 -26.3552
1968 -26.2275
1969 -26.0142
1970 -25.7951
1971 -26.091
1972 -26.9071
1973 -27.0458
1974 -27.4134
1975 -27.3455
1976 -27.3461
1977 -27.1153
1978 -26.8599
1979 -26.5181
1980 -26.9701
1981 -27.3486
1982 -27.6206
1983 -28.0319
1984 -28.2392
1985 -28.2856
1986 -28.2444
1987 -28.1989
1988 -28.164
1989 -27.8005
1990 -27.6039
1991 -27.2954
1992 -27.8555
1993 -28.6247
1994 -29.124
1995 -29.6583
1996 -29.7039
1997 -29.9982
1998 -30.1897
