1 79.5706
2 76.5313
3 69.6368
4 68.24
5 48.5977
6 35.0747
7 32.5711
8 26.3103
9 22.5568
10 23.2241
11 25.3013
12 28.5748
13 28.6496
14 27.5775
15 22.0373
16 14.9453
17 9.63929
18 7.41233
19 9.60753
20 12.3266
21 15.3418
22 17.0966
23 17.2424
24 17.0918
25 15.7438
26 13.682
27 12.0693
28 11.5767
29 11.8634
30 12.6284
31 13.3504
32 13.6135
33 14.1837
34 13.7554
35 13.4543
36 12.952
37 12.5725
38 12.2374
39 12.1001
40 12.4432
41 12.5998
42 12.7428
43 12.6413
44 12.3452
45 12.1642
46 12.0787
47 11.6276
48 11.5355
49 11.6864
50 11.6945
51 11.6483
52 11.8101
53 11.3703
54 11.3949
55 11.1098
56 10.8474
57 10.7336
58 10.8644
59 10.7809
60 10.913
61 10.7298
62 10.3332
63 10.4853
64 10.2726
65 10.1763
66 10.5182
67 10.0811
68 10.133
69 10.095
70 9.78185
71 9.8258
72 9.90139
73 9.63096
74 9.97741
75 9.73748
76 9.33475
77 9.39147
78 9.31405
79 9.35345
80 9.28259
81 9.15219
82 8.98975
83 8.9981
84 8.8722
85 8.85264
86 8.9464
87 8.62073
88 8.72167
89 8.37716
90 8.28954
91 8.39906
92 8.51207
93 8.54818
94 8.77893
95 8.83175
96 8.90505
97 8.84136
98 9.16936
99 9.43854
100 9.29545
101 9.35166
102 9.57135
103 9.9574
104 9.91135
105 9.73573
106 9.8613
107 10.033
108 10.2551
109 10.2523
110 10.4554
111 10.5369
112 10.7604
113 10.7763
114 10.9546
115 11.0485
116 11.1047
117 11.4907
118 11.2313
119 11.4651
120 11.4627
121 11.8324
122 11.8506
123 12.224
124 12.2716
125 12.3163
126 12.8342
127 12.9495
128 13.0797
129 13.2073
130 13.3334
131 13.4602
132 13.5952
133 13.8976
134 14.0236
135 14.0996
136 14.1008
137 14.4801
138 14.526
139 14.6225
140 14.9015
141 14.878
142 15.0827
143 15.1535
144 15.4107
145 15.5414
146 15.6448
147 15.746
148 15.7909
149 16.0109
150 16.2127
151 16.1415
152 16.3898
153 16.6129
154 16.669
155 17.1062
156 16.8979
157 16.796
158 17.1136
159 16.9731
160 17.0283
161 17.172
162 16.963
163 16.9659
164 16.8684
165 17.2298
166 17.29
167 17.0113
168 17.2839
169 17.346
170 17.3436
171 17.5104
172 17.6638
173 18.009
174 18.1768
175 18.3483
176 18.5623
177 18.5737
178 18.6977
179 19.0182
180 19.1145
181 19.002
182 19.2343
183 19.5336
184 19.4635
185 19.448
186 19.5008
187 19.6646
188 19.8908
189 19.9752
190 20.0694
191 20.1213
192 20.4708
193 20.538
194 20.6633
195 20.8315
196 20.8348
197 21.1109
198 21.329
199 21.2351
200 21.2377
201 21.192
202 21.3756
203 21.343
204 21.4437
205 21.3123
206 21.3934
207 21.3374
208 21.5957
209 21.5662
210 21.5283
211 21.7051
212 21.5863
213 21.635
214 21.9249
215 21.6387
216 21.8016
217 21.8596
218 21.7625
219 21.7713
220 21.8315
221 21.9487
222 21.7068
223 21.7203
224 21.8621
225 21.8189
226 21.7407
227 21.5663
228 21.6189
229 21.5657
230 21.5664
231 21.4702
232 21.5775
233 21.683
234 21.601
235 21.6642
236 21.7564
237 21.7235
238 21.9224
239 22.0827
240 22.017
241 21.9175
242 21.8776
243 22.0613
244 21.8492
245 22.1806
246 21.9897
247 22.0232
248 21.9327
249 22.0586
250 22.0566
251 21.9812
252 21.9497
253 22.1092
254 22.0707
255 22.0732
256 21.7735
257 21.6851
258 21.8298
259 21.6813
260 21.6429
261 21.679
262 21.5258
263 21.4092
264 21.2566
265 21.3806
266 21.4705
267 21.4681
268 21.2581
269 21.0869
270 21.0719
271 20.8473
272 20.982
273 21.248
274 21.5161
275 21.1172
276 21.0448
277 21.4099
278 21.3824
279 21.5151
280 21.3026
281 21.5435
282 22.0215
283 22
284 22.1572
285 22.0965
286 21.9414
287 21.9978
288 22.0233
289 22.2259
290 22.19
291 21.8942
292 22.1462
293 22.1932
294 22.2952
295 22.255
296 22.1747
297 22.3169
298 22.5545
299 22.5826
300 22.5007
301 22.4782
302 22.5906
303 22.6661
304 22.8629
305 22.5514
306 22.6768
307 22.6609
308 22.9593
309 22.7655
310 22.7928
311 22.8329
312 22.9653
313 22.8462
314 22.9904
315 23.2676
316 22.9726
317 23.1473
318 22.8968
319 23.2213
320 23.1602
321 23.16
322 22.9694
323 23.3744
324 23.1119
325 23.2894
326 23.0022
327 22.9737
328 23.1281
329 22.989
330 22.9084
331 22.9829
332 22.926
333 22.9683
334 23.0542
335 22.9478
336 23.0289
337 23.091
338 22.9917
339 23.2804
340 23.4278
341 23.3016
342 23.3028
343 23.1435
344 23.5294
345 23.4298
346 23.3444
347 23.297
348 23.7408
349 23.6004
350 23.4927
351 23.2119
352 23.4786
353 23.3235
354 23.651
355 23.1631
356 23.0894
357 23.1969
358 23.0513
359 23.2519
360 23.1869
361 23.0849
362 22.9482
363 22.8652
364 23.1003
365 23.2598
366 22.9756
367 22.9307
368 23.1574
369 23.1887
370 23.1684
371 23.0127
372 23.349
373 23.1509
374 22.9707
375 23.0264
376 23.0712
377 23.0451
378 23.0983
379 23.1454
380 22.9993
381 22.921
382 23.1854
383 22.8623
384 22.8711
385 22.8699
386 23.1146
387 22.8609
388 22.8465
389 22.6945
390 22.7897
391 22.6632
392 22.6587
393 22.9391
394 22.6754
395 22.4314
396 22.521
397 22.6965
398 22.3706
399 22.7142
400 22.2791
401 22.4759
402 22.3916
403 22.0545
404 22.2208
405 22.0075
406 22.1368
407 21.8931
408 21.9312
409 21.8015
410 21.7406
411 21.6338
412 21.5775
413 21.485
414 21.4254
415 21.4996
416 21.2737
417 21.2399
418 21.1605
419 21.4094
420 21.6149
421 21.2617
422 21.2531
423 21.3775
424 22.2718
425 22.1285
426 21.9183
427 21.905
428 21.8472
429 21.9926
430 21.9763
431 21.8714
432 21.897
433 22.2441
434 22.1923
435 22.138
436 21.9265
437 22.0579
438 22.42
439 22.5048
440 22.3607
441 22.3125
442 22.3279
443 22.6527
444 22.462
445 22.4357
446 22.3952
447 22.686
448 22.5147
449 22.4545
450 22.4971
451 22.3542
452 22.4309
453 22.2499
454 22.2955
455 22.1692
456 22.2213
457 22.158
458 22.0726
459 22.2653
460 22.4046
461 22.365
462 22.3647
463 22.1294
464 22.1025
465 22.1292
466 22.0778
467 22.0539
468 22.3542
469 22.3308
470 22.4376
471 22.3087
472 22.433
473 22.3612
474 22.2746
475 22.4074
476 22.3508
477 22.4109
478 22.3117
479 22.1725
480 22.1277
481 22.1559
482 22.146
483 22.0364
484 21.8992
485 21.9477
486 21.7884
487 21.8843
488 21.8412
489 21.9324
490 21.9121
491 21.7201
492 21.7001
493 21.7403
494 21.5306
495 21.488
496 21.5164
497 21.432
498 21.4659
499 20.9127
500 20.9143
501 20.8187
502 20.4818
503 20.3227
504 20.5565
505 20.2307
506 20.2936
507 20.2871
508 20.0504
509 19.7643
510 19.5163
511 19.3793
512 19.2613
513 18.8352
514 18.6963
515 18.612
516 18.2996
517 18.2251
518 18.4709
519 18.1339
520 18.0063
521 18.2281
522 18.0492
523 17.8947
524 18.0012
525 17.9991
526 17.4911
527 17.4478
528 17.2122
529 16.883
530 16.7994
531 16.8626
532 16.8691
533 16.8434
534 16.7594
535 16.7626
536 16.9564
537 17.0558
538 16.75
539 16.5893
540 16.4574
541 16.2494
542 15.9315
543 15.8348
544 15.8527
545 15.8328
546 16.2548
547 16.0106
548 15.9836
549 16.0869
550 15.8577
551 15.5191
552 15.4262
553 15.1908
554 15.0249
555 15.0628
556 15.0491
557 15.3385
558 15.2857
559 15.2011
560 14.9953
561 14.8169
562 14.6433
563 14.3269
564 14.2957
565 14.3039
566 14.4561
567 14.5573
568 14.5757
569 14.3483
570 14.2525
571 13.9515
572 13.7701
573 13.7346
574 13.6073
575 13.8051
576 13.8319
577 13.5564
578 13.5207
579 13.5577
580 13.2468
581 13.042
582 13.0483
583 13.05
584 13.3326
585 13.2701
586 13.0012
587 12.8756
588 12.649
589 12.2821
590 12.4159
591 12.2716
592 12.1969
593 12.3932
594 12.2757
595 11.9516
596 11.9875
597 11.7242
598 11.6171
599 11.7306
600 11.6596
601 11.5012
602 11.351
603 11.2218
604 11.1727
605 10.9141
606 10.7612
607 10.9843
608 10.8322
609 10.6476
610 10.4424
611 10.4114
612 10.2138
613 10.1813
614 10.2292
615 10.2726
616 10.2974
617 9.912
618 9.99143
619 9.78257
620 9.77027
621 9.81431
622 9.50993
623 9.57382
624 9.53201
625 9.32321
626 9.46007
627 9.37494
628 9.41304
629 9.57455
630 9.30099
631 9.10993
632 8.97854
633 8.79119
634 9.0771
635 8.75771
636 8.62862
637 8.53152
638 8.16156
639 8.45474
640 8.4674
641 8.38967
642 8.65849
643 8.51165
644 8.78969
645 8.83889
646 9.01599
647 9.24437
648 9.27758
649 9.23158
650 9.35434
651 9.41558
652 9.50582
653 9.70509
654 9.89521
655 10.111
656 10.0809
657 10.1526
658 10.0577
659 10.2307
660 10.3326
661 10.6181
662 10.7045
663 10.9231
664 10.7856
665 10.9337
666 10.9828
667 11.1737
668 11.4495
669 11.5978
670 11.6214
671 11.9844
672 12.0903
673 12.1425
674 12.3032
675 12.3613
676 12.7107
677 12.8457
678 13.3545
679 13.09
680 13.4208
681 13.3732
682 13.7485
683 13.9056
684 13.9514
685 14.2767
686 14.202
687 14.3369
688 14.7731
689 14.6804
690 14.9863
691 14.8193
692 15.2129
693 15.5795
694 15.6258
695 15.6283
696 15.7576
697 16.1842
698 16.0356
699 16.2898
700 16.165
701 16.3941
702 16.4303
703 16.5993
704 16.7938
705 16.6604
706 16.9254
707 16.7012
708 16.9958
709 16.9181
710 16.9076
711 16.8434
712 17.0117
713 17.1103
714 17.0528
715 17.0073
716 17.2803
717 17.0464
718 17.2582
719 17.3367
720 17.3995
721 17.8124
722 17.837
723 18.5132
724 18.0487
725 18.6383
726 18.7109
727 19.1054
728 19.1691
729 19.1086
730 19.1121
731 19.2484
732 19.3864
733 19.3021
734 19.4448
735 19.3665
736 19.5361
737 19.5345
738 19.6741
739 19.9343
740 20.045
741 20.2688
742 20.4101
743 20.5199
744 20.5947
745 20.9434
746 20.9211
747 20.9768
748 21.0223
749 21.2476
750 21.2464
751 21.4452
752 21.5036
753 21.1678
754 21.3403
755 21.3115
756 21.5399
757 21.4408
758 21.564
759 21.5727
760 21.6289
761 21.4487
762 21.6781
763 21.8295
764 21.7581
765 21.6051
766 21.8148
767 21.7939
768 21.7492
769 21.7448
770 21.8216
771 21.8734
772 22.0552
773 21.8531
774 21.9358
775 21.6882
776 21.9489
777 21.677
778 21.7369
779 21.5868
780 21.8489
781 21.686
782 21.7241
783 21.6689
784 21.6196
785 21.8381
786 21.8419
787 21.7303
788 21.8529
789 21.9432
790 21.9053
791 21.7479
792 22.0063
793 21.8191
794 22.0226
795 21.8758
796 21.9124
797 22.0917
798 22.0083
799 22.0416
800 22.148
801 22.1082
802 22.1373
803 21.9931
804 22.1774
805 21.7014
806 21.8157
807 21.7655
808 21.8749
809 21.7288
810 21.8406
811 21.7452
812 21.4754
813 21.4946
814 21.4669
815 21.6016
816 21.5825
817 21.1881
818 21.3765
819 20.9303
820 21.1663
821 21.0634
822 21.2573
823 21.1704
824 21.1554
825 21.2979
826 21.3278
827 21.6574
828 21.32
829 21.4427
830 21.308
831 21.7384
832 21.6287
833 21.7275
834 21.5789
835 22.004
836 21.8977
837 22.0654
838 21.9689
839 22.2849
840 22.1237
841 22.3756
842 22.3097
843 22.3169
844 22.3029
845 22.2864
846 22.2248
847 22.6304
848 22.3953
849 22.4382
850 22.6065
851 22.4287
852 22.6552
853 22.6797
854 22.7608
855 22.7435
856 23
857 22.6504
858 22.9572
859 22.8612
860 22.9222
861 22.7773
862 23.2346
863 22.9554
864 23.2934
865 22.9098
866 23.2098
867 23.0049
868 23.1273
869 23.2039
870 23.0965
871 23.3058
872 23.1614
873 23.3098
874 23.1523
875 23.1869
876 23.262
877 23.3023
878 22.915
879 23.2525
880 23.1205
881 23.0781
882 22.9516
883 23.0271
884 23.0352
885 22.9843
886 23.0816
887 23.1418
888 23.062
889 23.0115
890 23.1541
891 23.2288
892 23.147
893 23.1399
894 23.1099
895 23.4377
896 23.1973
897 23.1354
898 23.3481
899 23.4784
900 23.2736
901 23.0521
902 23.5223
903 23.2863
904 23.3112
905 23.1694
906 23.6983
907 23.3473
908 23.1203
909 23.2734
910 23.1013
911 23.253
912 23.0697
913 23.1274
914 22.9781
915 22.9058
916 23.0882
917 22.8887
918 23.0356
919 22.8774
920 23.0904
921 23.1214
922 23.1641
923 22.9482
924 23.2098
925 23.3579
926 22.9515
927 23.2874
928 23.2227
929 23.0398
930 23.0246
931 23.1261
932 23.3324
933 22.8097
934 23.2345
935 22.9354
936 22.8271
937 22.813
938 22.7932
939 22.944
940 22.6862
941 22.7073
942 22.8374
943 22.629
944 22.8893
945 22.7313
946 22.5773
947 22.5336
948 22.4539
949 22.4837
950 22.3902
951 22.3311
952 22.3438
953 22.1674
954 22.1144
955 22.077
956 22.0453
957 22.1009
958 22.1274
959 21.8513
960 21.8538
961 21.8814
962 21.6347
963 21.7776
964 21.6765
965 21.5762
966 21.751
967 21.4297
968 21.1945
969 21.1645
970 21.2801
971 21.3238
972 21.6349
973 21.2899
974 21.1375
975 21.8413
976 21.9133
977 21.6866
978 21.5049
979 21.8223
980 22.1922
981 22.0434
982 21.7696
983 21.8056
984 21.8329
985 21.8855
986 21.8419
987 21.7521
988 22.045
989 22.3047
990 22.1712
991 22.0336
992 22.1555
993 22.3466
994 22.1993
995 22.0998
996 22.2998
997 22.5473
998 22.5331
999 22.4659
1000 22.318
1001 22.4075
1002 22.3213
1003 22.3155
1004 22.2076
1005 22.2894
1006 22.2406
1007 22.0918
1008 22.21
1009 22.0987
1010 22.1603
1011 22.2182
1012 21.7653
1013 21.8767
1014 21.7933
1015 22.1855
1016 22.3763
1017 22.0056
1018 22.2558
1019 21.8109
1020 22.1737
1021 21.8997
1022 22.0137
1023 22.2772
1024 22.1801
1025 22.2623
1026 21.9795
1027 22.178
1028 22.0294
1029 21.994
1030 22.039
1031 21.8731
1032 21.9494
1033 21.9024
1034 21.9246
1035 21.8807
1036 21.7702
1037 21.7685
1038 21.6326
1039 21.5147
1040 21.7289
1041 21.7752
1042 21.7802
1043 21.6982
1044 21.5803
1045 21.287
1046 21.2757
1047 21.2307
1048 21.1109
1049 21.0219
1050 21.0701
1051 20.816
1052 20.4753
1053 20.4959
1054 20.3441
1055 20.4461
1056 20.0158
1057 20.1651
1058 20.1027
1059 19.7756
1060 19.7316
1061 19.5702
1062 19.3259
1063 18.9404
1064 18.7885
1065 18.72
1066 18.7626
1067 18.5154
1068 18.1863
1069 18.494
1070 18.3488
1071 18.0834
1072 18.1523
1073 17.8719
1074 17.6339
1075 17.7893
1076 17.3018
1077 17.0761
1078 16.8817
1079 17.0979
1080 16.909
1081 16.6726
1082 16.8312
1083 16.6959
1084 16.8104
1085 16.701
1086 16.8856
1087 16.8436
1088 16.5761
1089 16.549
1090 16.4165
1091 16.0737
1092 15.8928
1093 15.9422
1094 15.8357
1095 16.2186
1096 15.9204
1097 15.8667
1098 16.1375
1099 15.7959
1100 15.6141
1101 15.4236
1102 15.3961
1103 15.1333
1104 15.0765
1105 15.0185
1106 15.2723
1107 15.2848
1108 15.0028
1109 14.8629
1110 14.7976
1111 14.6506
1112 14.4275
1113 14.4725
1114 14.3358
1115 14.5002
1116 14.3588
1117 14.2635
1118 14.2817
1119 14.1394
1120 13.789
1121 13.6662
1122 13.8485
1123 13.7223
1124 13.6668
1125 13.716
1126 13.7286
1127 13.5891
1128 13.1929
1129 13.2789
1130 13.3046
1131 12.9883
1132 13.062
1133 12.9865
1134 13.1029
1135 12.9781
1136 12.624
1137 12.6229
1138 12.6503
1139 12.4643
1140 12.5632
1141 12.2676
1142 12.3957
1143 12.557
1144 11.8804
1145 11.9783
1146 11.8243
1147 11.7012
1148 12.0209
1149 11.6298
1150 11.6444
1151 11.4369
1152 11.23
1153 11.3555
1154 11.1714
1155 10.981
1156 11.2347
1157 10.9661
1158 10.9796
1159 10.7326
1160 10.6989
1161 10.5551
1162 10.3848
1163 10.596
1164 10.0119
1165 10.1938
1166 10.0748
1167 9.72728
1168 9.96548
1169 10.0046
1170 9.87637
1171 9.75012
1172 9.4375
1173 9.61243
1174 9.59598
1175 9.58896
1176 9.66861
1177 9.52646
1178 9.15537
1179 8.93407
1180 9.11613
1181 9.13226
1182 9.031
1183 9.06703
1184 8.60942
1185 8.61175
1186 8.48446
1187 8.33753
1188 8.71918
1189 8.33083
1190 8.74376
1191 8.36064
1192 8.49848
1193 8.6998
1194 8.8777
1195 8.83639
1196 8.91365
1197 8.93178
1198 9.36091
1199 9.29555
1200 9.34468
1201 9.36306
1202 9.40849
1203 9.73148
1204 9.79074
1205 9.75902
1206 10.0314
1207 10.265
1208 10.2996
1209 10.3442
1210 10.6187
1211 10.685
1212 10.6372
1213 10.8997
1214 10.8146
1215 11.1123
1216 11.2733
1217 11.4574
1218 11.4038
1219 11.6205
1220 11.5989
1221 12.1022
1222 12.4672
1223 12.2192
1224 12.4829
1225 12.6899
1226 12.992
1227 12.9467
1228 13.0582
1229 13.3693
1230 13.3772
1231 13.4893
1232 13.7957
1233 13.7678
1234 13.9638
1235 14.2048
1236 14.2584
1237 14.5355
1238 14.4179
1239 14.8834
1240 14.9316
1241 14.8789
1242 15.1454
1243 15.289
1244 15.5706
1245 15.5531
1246 15.5979
1247 15.8864
1248 15.9534
1249 16.1444
1250 16.0005
1251 16.2483
1252 16.3846
1253 16.5804
1254 16.4658
1255 16.555
1256 16.5914
1257 16.8195
1258 16.8744
1259 16.7744
1260 16.9236
1261 16.8189
1262 17.0752
1263 17.0323
1264 16.8896
1265 17.1273
1266 16.9682
1267 17.1937
1268 17.0156
1269 17.2765
1270 17.3958
1271 17.5793
1272 17.7514
1273 18.2177
1274 18.1752
1275 18.4754
1276 18.7313
1277 18.6951
1278 18.7994
1279 18.9352
1280 19.4624
1281 19.1045
1282 19.5533
1283 19.4914
1284 19.7561
1285 19.4298
1286 19.7337
1287 19.6898
1288 19.8017
1289 20.0161
1290 20.1744
1291 20.4112
1292 20.3457
1293 20.8525
1294 20.7912
1295 20.9166
1296 21.0463
1297 21.3109
1298 21.0751
1299 21.404
1300 21.4506
1301 21.4529
1302 21.1698
1303 21.7517
1304 21.4372
1305 21.7662
1306 21.4101
1307 22.0226
1308 21.6745
1309 21.592
1310 21.8073
1311 21.8216
1312 21.7915
1313 21.6949
1314 21.8758
1315 21.8523
1316 21.8884
1317 22.1022
1318 22.0041
1319 22.2138
1320 22.0695
1321 22.0713
1322 22.3537
1323 22.0174
1324 21.9557
1325 22.3114
1326 22.0547
1327 22.0257
1328 21.8558
1329 21.9246
1330 21.9342
1331 21.6784
1332 21.7159
1333 21.9087
1334 21.7014
1335 21.9169
1336 21.8977
1337 21.9247
1338 22.0378
1339 21.8295
1340 22.0877
1341 22.2193
1342 22.0121
1343 22.1973
1344 22.2509
1345 22.2417
1346 22.1908
1347 21.965
1348 22.2116
1349 22.4526
1350 22.2313
1351 22.2002
1352 22.2925
1353 22.148
1354 22.2618
1355 22.1457
1356 21.8828
1357 21.895
1358 21.8607
1359 21.6613
1360 21.818
1361 21.8534
1362 21.6138
1363 21.6668
1364 21.7145
1365 21.2938
1366 21.3833
1367 21.6135
1368 21.1984
1369 21.4309
1370 21.4185
1371 21.3862
1372 21.048
1373 21.081
1374 21.004
1375 21.489
1376 21.0769
1377 21.4488
1378 21.3466
1379 21.6445
1380 21.5726
1381 21.4313
1382 21.6074
1383 21.4691
1384 21.7205
1385 21.6969
1386 22.0134
1387 21.832
1388 22.1786
1389 22.0719
1390 22.2004
1391 22.138
1392 22.1302
1393 22.1852
1394 22.191
1395 22.3751
1396 22.3663
1397 22.363
1398 22.5046
1399 22.3914
1400 22.5621
1401 22.7713
1402 22.7193
1403 22.6712
1404 22.6338
1405 22.7732
1406 22.8177
1407 22.6915
1408 23.0994
1409 22.8027
1410 22.8699
1411 22.9163
1412 23.2029
1413 22.9903
1414 22.9576
1415 23.1372
1416 23.1097
1417 23.1424
1418 23.063
1419 23.0962
1420 22.9645
1421 23.2394
1422 23.0349
1423 23.1027
1424 23.0948
1425 22.9315
1426 23.0286
1427 23.0569
1428 23.0259
1429 22.8872
1430 23.1129
1431 22.9777
1432 22.9856
1433 23.0558
1434 23.0073
1435 23.344
1436 22.9876
1437 23.0669
1438 23.1532
1439 23.1356
1440 23.1767
1441 23.3251
1442 23.2376
1443 23.1038
1444 23.2132
1445 23.2094
1446 23.1946
1447 23.2874
1448 23.296
1449 23.2772
1450 23.0857
1451 23.0951
1452 23.377
1453 23.1515
1454 23.3071
1455 23.1229
1456 23.0535
1457 23.113
1458 23.2437
1459 23.1374
1460 22.9421
1461 23.0653
1462 22.7677
1463 22.8425
1464 23.0106
1465 22.9303
1466 22.9777
1467 23.0817
1468 22.9038
1469 22.8566
1470 23.0732
1471 23.037
1472 23.2406
1473 23.1648
1474 22.9418
1475 22.9808
1476 23.0785
1477 22.9459
1478 23.0664
1479 23.2448
1480 22.986
1481 22.9982
1482 23.1648
1483 22.9558
1484 23.0617
1485 23.0721
1486 23.0589
1487 22.6337
1488 22.8131
1489 22.8554
1490 22.5939
1491 22.8284
1492 22.836
1493 22.409
1494 22.6892
1495 22.6628
1496 22.3264
1497 22.5898
1498 22.5972
1499 22.1928
1500 22.317
1501 22.4215
1502 22.0763
1503 22.154
1504 22.324
1505 21.9363
1506 22.0722
1507 22.2553
1508 21.8747
1509 21.8191
1510 21.9311
1511 21.5564
1512 21.6927
1513 21.6078
1514 21.5099
1515 21.2746
1516 21.4467
1517 21.4915
1518 21.2814
1519 21.1915
1520 21.2717
1521 21.2588
1522 21.5341
1523 21.5623
1524 20.909
1525 21.3843
1526 21.7413
1527 21.7315
1528 21.2594
1529 21.7903
1530 22.1061
1531 21.7681
1532 21.3777
1533 21.9863
1534 22.1206
1535 21.8517
1536 21.5864
1537 22.1635
1538 22.4539
1539 21.9987
1540 21.9102
1541 22.1716
1542 22.2512
1543 21.9797
1544 22.178
1545 22.4678
1546 22.2677
1547 22.0741
1548 22.3323
1549 22.3827
1550 22.2015
1551 22.1552
1552 22.2779
1553 22.2047
1554 21.8138
1555 22.1285
1556 22.063
1557 21.877
1558 21.7896
1559 21.7524
1560 21.7764
1561 21.5834
1562 21.9624
1563 21.8765
1564 21.7769
1565 21.7302
1566 21.7535
1567 21.7456
1568 21.7428
1569 21.9514
1570 22.1209
1571 21.9895
1572 21.8359
1573 22.1512
1574 22.0921
1575 21.845
1576 22.3546
1577 22.0789
1578 21.9102
1579 21.9404
1580 22.0086
1581 21.7291
1582 21.8825
1583 21.813
1584 21.5767
1585 21.5833
1586 21.6077
1587 21.386
1588 21.6804
1589 21.7583
1590 21.5935
1591 21.4763
1592 21.4596
1593 21.4194
1594 21.2871
1595 21.4133
1596 21.1584
1597 21.0822
1598 20.9471
1599 20.9984
1600 20.8827
1601 20.5576
1602 20.6076
1603 20.6932
1604 20.5103
1605 20.3139
1606 20.449
1607 20.1347
1608 19.9028
1609 19.8126
1610 19.575
1611 19.3922
1612 19.3327
1613 19.1952
1614 18.6744
1615 18.6139
1616 18.3834
1617 18.4424
1618 18.2034
1619 18.1843
1620 17.891
1621 17.9615
1622 17.8655
1623 17.6699
1624 17.6662
1625 17.7724
1626 17.1735
1627 17.4363
1628 17.1611
1629 17.0912
1630 16.9654
1631 17.0242
1632 17.3551
1633 16.7093
1634 16.7973
1635 16.6909
1636 16.6226
1637 16.6931
1638 16.8444
1639 16.558
1640 16.154
1641 16.1707
1642 15.9415
1643 16.1559
1644 15.8808
1645 16.2244
1646 16.0232
1647 15.6574
1648 15.8818
1649 15.8304
1650 15.4721
1651 15.2975
1652 15.2091
1653 15.1752
1654 15.3768
1655 14.9559
1656 15.1926
1657 15.4023
1658 14.866
1659 15.0845
1660 14.8566
1661 14.6244
1662 14.4177
1663 14.4006
1664 14.5692
1665 14.2638
1666 14.3179
1667 14.4144
1668 14.1143
1669 14.2839
1670 13.6787
1671 13.6782
1672 13.6709
1673 13.6647
1674 13.9119
1675 13.8549
1676 13.575
1677 13.5497
1678 13.2104
1679 13.1033
1680 13.0476
1681 13.196
1682 12.952
1683 13.1021
1684 12.905
1685 12.895
1686 12.5088
1687 12.244
1688 12.4555
1689 12.3608
1690 12.1918
1691 12.3624
1692 12.2775
1693 12.0027
1694 11.8233
1695 11.9042
1696 11.6646
1697 11.5007
1698 11.5948
1699 11.7576
1700 11.6923
1701 11.0356
1702 11.2635
1703 11.1477
1704 10.8649
1705 11.087
1706 11.1389
1707 10.9898
1708 10.8244
1709 10.3564
1710 10.5076
1711 10.5812
1712 10.1899
1713 10.4092
1714 10.2369
1715 9.86524
1716 10.0972
1717 9.68222
1718 9.75888
1719 9.74991
1720 9.82325
1721 9.28123
1722 9.45249
1723 9.26215
1724 9.3159
1725 9.45022
1726 9.0834
1727 9.19862
1728 9.02046
1729 8.80211
1730 8.81623
1731 8.88762
1732 8.82712
1733 8.69265
1734 8.65038
1735 8.50532
1736 8.48207
1737 8.42296
1738 8.25673
1739 8.51102
1740 8.61978
1741 8.80264
1742 8.57555
1743 8.56382
1744 8.91951
1745 8.74432
1746 9.08046
1747 9.20575
1748 9.12981
1749 9.18812
1750 9.58047
1751 9.44746
1752 9.64016
1753 9.57495
1754 9.69484
1755 10.0156
1756 9.96259
1757 10.1843
1758 10.2113
1759 10.3618
1760 10.3303
1761 10.5206
1762 10.8443
1763 10.7609
1764 10.774
1765 10.948
1766 11.0691
1767 11.1626
1768 11.3324
1769 11.5629
1770 11.617
1771 11.9563
1772 11.9197
1773 12.3133
1774 12.3904
1775 12.5946
1776 12.7323
1777 12.8837
1778 13.1485
1779 13.3367
1780 13.2989
1781 13.5507
1782 13.6167
1783 14.0235
1784 14.1178
1785 14.0422
1786 14.1509
1787 14.3497
1788 14.5661
1789 14.749
1790 14.7243
1791 14.8965
1792 15.2566
1793 15.3939
1794 15.3
1795 15.6832
1796 15.7494
1797 16.0381
1798 16.2597
1799 16.149
1800 16.276
1801 16.4531
1802 16.7317
1803 16.6938
1804 16.6159
1805 16.8214
1806 16.8758
1807 16.9325
1808 16.8538
1809 16.9705
1810 16.8836
1811 17.1593
1812 17.0873
1813 17.0147
1814 17.0698
1815 17.2276
1816 17.1555
1817 17.103
1818 17.3625
1819 17.4118
1820 17.4753
1821 17.6225
1822 17.9997
1823 18.2103
1824 18.4108
1825 18.4647
1826 18.6033
1827 18.8516
1828 19.19
1829 19.4503
1830 19.1867
1831 19.2236
1832 19.5595
1833 19.5873
1834 19.6113
1835 19.5986
1836 19.6149
1837 19.7616
1838 19.8856
1839 19.9403
1840 20.5265
1841 20.5706
1842 20.4939
1843 20.8888
1844 20.9122
1845 21.0312
1846 20.8824
1847 20.9916
1848 21.1471
1849 21.0152
1850 21.2214
1851 21.3291
1852 21.4293
1853 21.6915
1854 21.4867
1855 21.6794
1856 21.5906
1857 21.5072
1858 21.9835
1859 21.9576
1860 21.8668
1861 21.6082
1862 21.7224
1863 21.6417
1864 21.8038
1865 21.8659
1866 21.9403
1867 22.0352
1868 22.0801
1869 22.2753
1870 22.1134
1871 22.3139
1872 22.0779
1873 22.0192
1874 22.0843
1875 21.9834
1876 22.0736
1877 21.8193
1878 21.7723
1879 21.8315
1880 21.7468
1881 21.8614
1882 21.9167
1883 21.866
1884 21.8649
1885 21.984
1886 21.8444
1887 21.8102
1888 21.9602
1889 22.1015
1890 22.2326
1891 22.2096
1892 22.0277
1893 22.1135
1894 21.9884
1895 22.1549
1896 22.512
1897 22.5422
1898 22.5196
1899 22.2591
1900 22.2903
1901 22.2187
1902 22.2279
1903 22.2681
1904 22.4869
1905 22.0466
1906 22.2673
1907 22.0794
1908 22.1098
1909 21.9838
1910 22.0377
1911 22.1002
1912 21.8912
1913 21.7948
1914 21.7193
1915 21.5277
1916 21.5945
1917 21.6658
1918 21.559
1919 21.3926
1920 21.403
1921 21.2689
1922 21.165
1923 21.1619
1924 21.2344
1925 21.5337
1926 21.4355
1927 21.3384
1928 21.7857
1929 21.3815
1930 21.4809
1931 21.6756
1932 21.5485
1933 21.5922
1934 21.8141
1935 21.8716
1936 22.115
1937 21.9346
1938 21.8202
1939 22.1367
1940 22.0413
1941 22.0057
1942 22.2137
1943 22.5192
1944 22.2048
1945 22.2075
1946 22.5056
1947 22.3965
1948 22.5606
1949 22.4769
1950 22.5984
1951 22.4352
1952 22.3684
1953 22.8785
1954 22.7257
1955 22.5764
1956 22.7011
1957 22.6105
1958 22.6942
1959 22.8646
1960 22.8397
1961 22.8602
1962 22.9557
1963 22.7811
1964 22.8471
1965 23.0489
1966 22.7586
1967 22.99
1968 23.2562
1969 22.7702
1970 22.9954
1971 23.143
1972 22.9828
1973 23.1463
1974 23.106
1975 23.1485
1976 23.0506
1977 22.9306
1978 23.1273
1979 22.9673
1980 23.0004
1981 22.9367
1982 22.9168
1983 22.7508
1984 23.1038
1985 23.1578
1986 23.0391
1987 22.7759
1988 23.1781
1989 23.1718
1990 22.8043
1991 23.1932
1992 23.2077
1993 23.1356
1994 22.9867
1995 23.0804
1996 23.127
1997 22.9027
1998 23.2437
